#node1	node2	node1_string_id	node2_string_id	node1_external_id	node2_external_id	neighborhood	fusion	cooccurence	homology	coexpression	experimental	knowledge	textmining	combined_score
E2F2	TP53	1854335	1846083	ENSP00000355249	ENSP00000269305	0.000	0.000	0.000	0.000	0.000	0.000	0.000	0.540	0.540
MDM2	RB1	1861282	1845924	ENSP00000417281	ENSP00000267163	0.000	0.000	0.000	0.000	0.000	0.999	0.900	0.623	0.999
CDK1	UBC	1858283	1852861	ENSP00000378699	ENSP00000344818	0.000	0.000	0.000	0.000	0.000	0.997	0.900	0.197	0.999
UBC	CDK4	1852861	1844551	ENSP00000344818	ENSP00000257904	0.000	0.000	0.000	0.000	0.000	0.974	0.000	0.212	0.979
TP53	PIK3CA	1846083	1845446	ENSP00000269305	ENSP00000263967	0.000	0.000	0.000	0.000	0.000	0.000	0.000	0.948	0.948
CCND3	E2F2	1855798	1854335	ENSP00000362082	ENSP00000355249	0.000	0.000	0.000	0.000	0.000	0.184	0.900	0.652	0.969
SP1	CCND2	1851138	1844875	ENSP00000329357	ENSP00000261254	0.000	0.000	0.000	0.000	0.000	0.000	0.900	0.243	0.921
BMI1	CDKN2C	1856537	1845196	ENSP00000365851	ENSP00000262662	0.000	0.000	0.000	0.000	0.000	0.000	0.000	0.416	0.416
E2F2	CDK6	1854335	1845799	ENSP00000355249	ENSP00000265734	0.000	0.000	0.000	0.000	0.000	0.244	0.900	0.740	0.978
WRN	CDK6	1847932	1845799	ENSP00000298139	ENSP00000265734	0.000	0.000	0.000	0.000	0.082	0.259	0.000	0.279	0.467
ABL1	CDKN1A	1855665	1843736	ENSP00000361423	ENSP00000244741	0.000	0.000	0.000	0.000	0.000	0.000	0.000	0.507	0.507
UCHL1	CDKN1B	1846906	1843169	ENSP00000284440	ENSP00000228872	0.000	0.000	0.000	0.000	0.000	0.567	0.000	0.169	0.624
ETS2	MAPK14	1853968	1843222	ENSP00000353344	ENSP00000229794	0.000	0.000	0.000	0.000	0.000	0.149	0.900	0.667	0.969
MYC	EZH2	1856789	1850211	ENSP00000367207	ENSP00000320147	0.000	0.000	0.000	0.000	0.000	0.570	0.000	0.896	0.953
HDAC9	EZH2	1860731	1850211	ENSP00000408617	ENSP00000320147	0.063	0.000	0.000	0.000	0.086	0.220	0.000	0.645	0.731
CDKN2A	TP53	1859838	1846083	ENSP00000394932	ENSP00000269305	0.000	0.000	0.000	0.000	0.000	0.997	0.900	0.981	0.999
MDM2	NPM1	1861282	1847808	ENSP00000417281	ENSP00000296930	0.000	0.000	0.000	0.000	0.000	0.915	0.000	0.897	0.990
BMI1	MYCN	1856537	1846701	ENSP00000365851	ENSP00000281043	0.000	0.000	0.000	0.000	0.000	0.000	0.000	0.414	0.414
RB1	CCND2	1845924	1844875	ENSP00000267163	ENSP00000261254	0.000	0.000	0.000	0.000	0.000	0.975	0.900	0.948	0.999
MYCN	CDKN1B	1846701	1843169	ENSP00000281043	ENSP00000228872	0.000	0.000	0.000	0.000	0.000	0.000	0.000	0.886	0.886
HDAC9	CCND1	1860731	1843117	ENSP00000408617	ENSP00000227507	0.000	0.000	0.000	0.000	0.000	0.000	0.000	0.923	0.923
ING1	CDKN1A	1856375	1843736	ENSP00000364929	ENSP00000244741	0.000	0.000	0.000	0.000	0.000	0.000	0.000	0.400	0.400
E2F1	TP53	1852951	1846083	ENSP00000345571	ENSP00000269305	0.000	0.000	0.000	0.000	0.000	0.576	0.000	0.393	0.731
CDKN2A	ETS2	1859838	1853968	ENSP00000394932	ENSP00000353344	0.000	0.000	0.000	0.000	0.000	0.074	0.900	0.317	0.931
CDKN2A	SP1	1859838	1851138	ENSP00000394932	ENSP00000329357	0.000	0.000	0.000	0.000	0.000	0.598	0.900	0.320	0.970
SMAD4	CDKN1B	1852473	1843169	ENSP00000341551	ENSP00000228872	0.000	0.000	0.000	0.000	0.000	0.000	0.900	0.505	0.948
CCND3	SP1	1855798	1851138	ENSP00000362082	ENSP00000329357	0.000	0.000	0.000	0.000	0.000	0.000	0.000	0.854	0.854
CCND3	CDKN2C	1855798	1845196	ENSP00000362082	ENSP00000262662	0.000	0.000	0.000	0.000	0.000	0.000	0.800	0.585	0.913
CDKN2A	MYCN	1859838	1846701	ENSP00000394932	ENSP00000281043	0.000	0.000	0.000	0.000	0.000	0.567	0.000	0.898	0.953
E2F2	CCND1	1854335	1843117	ENSP00000355249	ENSP00000227507	0.000	0.000	0.000	0.000	0.000	0.184	0.900	0.723	0.975
MYCN	RB1	1846701	1845924	ENSP00000281043	ENSP00000267163	0.000	0.000	0.000	0.000	0.000	0.000	0.000	0.510	0.510
SMAD4	MAPK14	1852473	1843222	ENSP00000341551	ENSP00000229794	0.000	0.000	0.000	0.000	0.000	0.000	0.000	0.642	0.642
UCHL1	TP53	1846906	1846083	ENSP00000284440	ENSP00000269305	0.000	0.000	0.000	0.000	0.000	0.809	0.000	0.874	0.975
RB1	PIK3CA	1845924	1845446	ENSP00000267163	ENSP00000263967	0.000	0.000	0.000	0.000	0.000	0.000	0.000	0.519	0.519
MDM2	ABL1	1861282	1855665	ENSP00000417281	ENSP00000361423	0.000	0.000	0.000	0.000	0.000	0.576	0.900	0.885	0.994
MYC	CDK6	1856789	1845799	ENSP00000367207	ENSP00000265734	0.000	0.000	0.000	0.000	0.000	0.292	0.000	0.681	0.764
BMI1	CDK4	1856537	1844551	ENSP00000365851	ENSP00000257904	0.000	0.000	0.000	0.000	0.000	0.000	0.000	0.897	0.897
BMI1	CCND2	1856537	1844875	ENSP00000365851	ENSP00000261254	0.000	0.000	0.000	0.000	0.000	0.000	0.000	0.472	0.472
MYC	SMAD4	1856789	1852473	ENSP00000367207	ENSP00000341551	0.000	0.000	0.000	0.000	0.000	0.000	0.900	0.613	0.959
CDKN2A	CTCF	1859838	1845456	ENSP00000394932	ENSP00000264010	0.000	0.000	0.000	0.000	0.000	0.091	0.900	0.379	0.938
UBC	CDK2	1852861	1845906	ENSP00000344818	ENSP00000266970	0.000	0.000	0.000	0.000	0.000	0.966	0.900	0.220	0.997
WRN	CDK4	1847932	1844551	ENSP00000298139	ENSP00000257904	0.000	0.000	0.000	0.000	0.082	0.259	0.000	0.273	0.462
ETS1	UBC	1858032	1852861	ENSP00000376436	ENSP00000344818	0.000	0.000	0.000	0.000	0.000	0.945	0.000	0.070	0.947
MYC	NPM1	1856789	1847808	ENSP00000367207	ENSP00000296930	0.000	0.000	0.000	0.000	0.000	0.000	0.900	0.903	0.989
CDKN2A	CCND3	1859838	1855798	ENSP00000394932	ENSP00000362082	0.000	0.000	0.000	0.000	0.000	0.000	0.900	0.700	0.968
E2F2	E2F1	1854335	1852951	ENSP00000355249	ENSP00000345571	0.000	0.000	0.000	0.862	0.000	0.733	0.900	0.769	0.975
CDK2	CCND1	1845906	1843117	ENSP00000266970	ENSP00000227507	0.000	0.000	0.000	0.000	0.000	0.985	0.720	0.992	0.999
MYC	EGR1	1856789	1843543	ENSP00000367207	ENSP00000239938	0.000	0.000	0.000	0.000	0.000	0.000	0.000	0.928	0.928
CTCF	CDKN1B	1845456	1843169	ENSP00000264010	ENSP00000228872	0.000	0.000	0.000	0.000	0.000	0.000	0.900	0.137	0.910
CDK6	CDKN1B	1845799	1843169	ENSP00000265734	ENSP00000228872	0.000	0.000	0.000	0.000	0.000	0.992	0.900	0.965	0.999
RB1	CDK6	1845924	1845799	ENSP00000267163	ENSP00000265734	0.000	0.000	0.000	0.000	0.000	0.998	0.900	0.966	0.999
HDAC9	MAPK14	1860731	1843222	ENSP00000408617	ENSP00000229794	0.000	0.000	0.000	0.000	0.000	0.097	0.000	0.394	0.430
ETS1	E2F1	1858032	1852951	ENSP00000376436	ENSP00000345571	0.000	0.000	0.000	0.000	0.000	0.000	0.900	0.134	0.909
HDAC9	BCL2L1	1860731	1848421	ENSP00000408617	ENSP00000302564	0.000	0.000	0.000	0.000	0.000	0.000	0.000	0.755	0.755
CCND2	CDK4	1844875	1844551	ENSP00000261254	ENSP00000257904	0.000	0.000	0.000	0.000	0.000	0.994	0.900	0.990	0.999
MYC	SP1	1856789	1851138	ENSP00000367207	ENSP00000329357	0.000	0.000	0.000	0.000	0.000	0.962	0.900	0.501	0.997
CDKN2A	CCND2	1859838	1844875	ENSP00000394932	ENSP00000261254	0.000	0.000	0.000	0.000	0.000	0.804	0.900	0.710	0.993
CDKN2A	MYC	1859838	1856789	ENSP00000394932	ENSP00000367207	0.000	0.000	0.000	0.000	0.000	0.962	0.900	0.983	0.999
ING1	KAT5	1856375	1852315	ENSP00000364929	ENSP00000340330	0.000	0.000	0.000	0.000	0.073	0.289	0.000	0.465	0.617
CDK1	CDK4	1858283	1844551	ENSP00000378699	ENSP00000257904	0.000	0.000	0.519	0.916	0.084	0.109	0.900	0.981	0.921
SMAD4	CTCF	1852473	1845456	ENSP00000341551	ENSP00000264010	0.000	0.000	0.000	0.000	0.000	0.576	0.900	0.109	0.958
CDK1	NPM1	1858283	1847808	ENSP00000378699	ENSP00000296930	0.000	0.000	0.000	0.000	0.000	0.576	0.000	0.409	0.738
CDK6	CCND2	1845799	1844875	ENSP00000265734	ENSP00000261254	0.000	0.000	0.000	0.000	0.000	0.966	0.900	0.990	0.999
MDM2	MYC	1861282	1856789	ENSP00000417281	ENSP00000367207	0.000	0.000	0.000	0.000	0.000	0.000	0.000	0.646	0.646
UBC	MYCN	1852861	1846701	ENSP00000344818	ENSP00000281043	0.000	0.000	0.000	0.000	0.000	0.771	0.000	0.072	0.779
SMAD3	KDM6B	1851536	1844330	ENSP00000332973	ENSP00000254846	0.000	0.000	0.000	0.000	0.000	0.564	0.000	0.126	0.602
CCND3	CCND2	1855798	1844875	ENSP00000362082	ENSP00000261254	0.000	0.000	0.000	0.968	0.000	0.000	0.900	0.871	0.902
HDAC9	CDK2	1860731	1845906	ENSP00000408617	ENSP00000266970	0.000	0.000	0.000	0.000	0.000	0.103	0.000	0.592	0.619
HDAC9	CDK4	1860731	1844551	ENSP00000408617	ENSP00000257904	0.000	0.000	0.000	0.000	0.000	0.103	0.000	0.565	0.594
TP53	E2F3	1846083	1845241	ENSP00000269305	ENSP00000262904	0.000	0.000	0.000	0.000	0.000	0.000	0.000	0.585	0.585
ABL1	KAT5	1855665	1852315	ENSP00000361423	ENSP00000340330	0.000	0.000	0.000	0.000	0.000	0.149	0.000	0.831	0.850
CDK4	EGR1	1844551	1843543	ENSP00000257904	ENSP00000239938	0.000	0.000	0.000	0.000	0.000	0.098	0.000	0.492	0.522
CDKN2C	CDK4	1845196	1844551	ENSP00000262662	ENSP00000257904	0.000	0.000	0.000	0.000	0.000	0.992	0.900	0.974	0.999
ETS2	CCND1	1853968	1843117	ENSP00000353344	ENSP00000227507	0.000	0.000	0.000	0.000	0.000	0.000	0.000	0.417	0.416
MYC	E2F2	1856789	1854335	ENSP00000367207	ENSP00000355249	0.000	0.000	0.000	0.000	0.000	0.000	0.900	0.904	0.990
E2F1	CDK4	1852951	1844551	ENSP00000345571	ENSP00000257904	0.000	0.000	0.000	0.000	0.000	0.244	0.900	0.673	0.973
UBC	RB1	1852861	1845924	ENSP00000344818	ENSP00000267163	0.000	0.000	0.000	0.000	0.000	0.987	0.900	0.143	0.998
CCND2	CDKN1B	1844875	1843169	ENSP00000261254	ENSP00000228872	0.000	0.000	0.000	0.000	0.000	0.739	0.800	0.951	0.997
UBC	TRIP12	1852861	1846877	ENSP00000344818	ENSP00000283943	0.000	0.000	0.000	0.000	0.000	0.997	0.000	0.202	0.998
EZH2	EGR1	1850211	1843543	ENSP00000320147	ENSP00000239938	0.000	0.000	0.000	0.000	0.073	0.327	0.000	0.291	0.519
E2F2	CDKN1A	1854335	1843736	ENSP00000355249	ENSP00000244741	0.000	0.000	0.000	0.000	0.000	0.000	0.900	0.500	0.947
KAT5	EZH2	1852315	1850211	ENSP00000340330	ENSP00000320147	0.000	0.000	0.000	0.000	0.063	0.101	0.000	0.406	0.456
ETS2	EGR1	1853968	1843543	ENSP00000353344	ENSP00000239938	0.000	0.000	0.000	0.000	0.000	0.000	0.000	0.477	0.477
MDM2	E2F1	1861282	1852951	ENSP00000417281	ENSP00000345571	0.000	0.000	0.000	0.000	0.000	0.812	0.900	0.254	0.984
ETS2	E2F1	1853968	1852951	ENSP00000353344	ENSP00000345571	0.000	0.000	0.000	0.000	0.000	0.000	0.900	0.168	0.913
RNF2	KDM6B	1854609	1844330	ENSP00000356480	ENSP00000254846	0.000	0.000	0.000	0.000	0.000	0.000	0.900	0.367	0.934
EGR1	CDKN1B	1843543	1843169	ENSP00000239938	ENSP00000228872	0.000	0.000	0.000	0.000	0.000	0.000	0.000	0.450	0.450
NPM1	CDK6	1847808	1845799	ENSP00000296930	ENSP00000265734	0.000	0.000	0.000	0.000	0.000	0.000	0.000	0.853	0.853
E2F2	SUZ12	1854335	1849881	ENSP00000355249	ENSP00000316578	0.000	0.000	0.000	0.000	0.000	0.000	0.900	0.121	0.908
SMAD3	CTCF	1851536	1845456	ENSP00000332973	ENSP00000264010	0.000	0.000	0.000	0.000	0.000	0.812	0.000	0.824	0.965
MYC	CTCF	1856789	1845456	ENSP00000367207	ENSP00000264010	0.000	0.000	0.000	0.000	0.000	0.000	0.900	0.895	0.989
SP1	MYCN	1851138	1846701	ENSP00000329357	ENSP00000281043	0.000	0.000	0.000	0.000	0.000	0.912	0.000	0.168	0.924
ABL1	CDK6	1855665	1845799	ENSP00000361423	ENSP00000265734	0.000	0.000	0.000	0.660	0.000	0.107	0.900	0.896	0.935
CDK2	EGR1	1845906	1843543	ENSP00000266970	ENSP00000239938	0.000	0.000	0.000	0.000	0.000	0.098	0.000	0.484	0.515
PEX19	UBC	1854721	1852861	ENSP00000357051	ENSP00000344818	0.000	0.000	0.000	0.000	0.000	0.946	0.000	0.000	0.947
CCND3	RB1	1855798	1845924	ENSP00000362082	ENSP00000267163	0.000	0.000	0.000	0.000	0.000	0.949	0.900	0.766	0.998
RB1	E2F3	1845924	1845241	ENSP00000267163	ENSP00000262904	0.000	0.000	0.000	0.000	0.000	0.999	0.900	0.895	0.999
SMAD4	TWIST1	1852473	1843619	ENSP00000341551	ENSP00000242261	0.000	0.000	0.000	0.000	0.000	0.000	0.000	0.873	0.873
CDK4	CDKN1A	1844551	1843736	ENSP00000257904	ENSP00000244741	0.000	0.000	0.000	0.000	0.000	0.999	0.900	0.974	0.999
E2F2	EED	1854335	1845338	ENSP00000355249	ENSP00000263360	0.000	0.000	0.000	0.000	0.000	0.000	0.900	0.000	0.900
NPM1	RB1	1847808	1845924	ENSP00000296930	ENSP00000267163	0.000	0.000	0.000	0.000	0.000	0.812	0.000	0.213	0.845
E2F1	CDKN1B	1852951	1843169	ENSP00000345571	ENSP00000228872	0.000	0.000	0.000	0.000	0.000	0.000	0.900	0.280	0.924
CDK1	CCND3	1858283	1855798	ENSP00000378699	ENSP00000362082	0.000	0.000	0.000	0.000	0.000	0.360	0.000	0.874	0.916
CDKN2A	CDKN1B	1859838	1843169	ENSP00000394932	ENSP00000228872	0.000	0.000	0.000	0.000	0.000	0.567	0.900	0.836	0.992
SMAD4	BCL2L1	1852473	1848421	ENSP00000341551	ENSP00000302564	0.000	0.000	0.000	0.000	0.000	0.000	0.000	0.419	0.419
CDK2	MAPK14	1845906	1843222	ENSP00000266970	ENSP00000229794	0.000	0.000	0.453	0.875	0.000	0.364	0.000	0.646	0.445
SUZ12	CTCF	1849881	1845456	ENSP00000316578	ENSP00000264010	0.000	0.000	0.000	0.000	0.000	0.812	0.000	0.891	0.978
UBC	CDKN1A	1852861	1843736	ENSP00000344818	ENSP00000244741	0.000	0.000	0.000	0.000	0.000	0.999	0.900	0.200	0.999
CDK1	E2F3	1858283	1845241	ENSP00000378699	ENSP00000262904	0.000	0.000	0.000	0.000	0.000	0.285	0.900	0.792	0.983
EZH2	CCND1	1850211	1843117	ENSP00000320147	ENSP00000227507	0.000	0.000	0.000	0.000	0.000	0.000	0.000	0.895	0.895
CDK6	E2F3	1845799	1845241	ENSP00000265734	ENSP00000262904	0.000	0.000	0.000	0.000	0.000	0.244	0.900	0.804	0.983
CCND3	CDK2	1855798	1845906	ENSP00000362082	ENSP00000266970	0.000	0.000	0.000	0.000	0.000	0.872	0.720	0.986	0.999
SMAD3	MAPK14	1851536	1843222	ENSP00000332973	ENSP00000229794	0.000	0.000	0.000	0.000	0.000	0.576	0.000	0.937	0.972
BCL2L1	CCND2	1848421	1844875	ENSP00000302564	ENSP00000261254	0.000	0.000	0.000	0.000	0.000	0.000	0.000	0.588	0.588
TWIST1	CCND1	1843619	1843117	ENSP00000242261	ENSP00000227507	0.000	0.000	0.000	0.000	0.000	0.000	0.000	0.415	0.414
CDKN2A	PIK3CA	1859838	1845446	ENSP00000394932	ENSP00000263967	0.000	0.000	0.000	0.000	0.000	0.105	0.900	0.605	0.961
ETS1	SMAD3	1858032	1851536	ENSP00000376436	ENSP00000332973	0.000	0.000	0.000	0.000	0.000	0.860	0.000	0.407	0.913
CDK1	TP53	1858283	1846083	ENSP00000378699	ENSP00000269305	0.000	0.000	0.000	0.000	0.000	0.914	0.000	0.970	0.997
CCND2	CDKN1A	1844875	1843736	ENSP00000261254	ENSP00000244741	0.000	0.000	0.000	0.000	0.000	0.998	0.900	0.734	0.999
E2F2	CCND2	1854335	1844875	ENSP00000355249	ENSP00000261254	0.000	0.000	0.000	0.000	0.000	0.184	0.900	0.690	0.972
ABL1	CDKN1B	1855665	1843169	ENSP00000361423	ENSP00000228872	0.000	0.000	0.000	0.000	0.000	0.570	0.000	0.878	0.945
SMAD4	CCND2	1852473	1844875	ENSP00000341551	ENSP00000261254	0.000	0.000	0.000	0.000	0.000	0.000	0.000	0.405	0.405
TOP1	BCL2L1	1854138	1848421	ENSP00000354522	ENSP00000302564	0.000	0.000	0.000	0.000	0.000	0.000	0.000	0.509	0.509
ETS2	TP53	1853968	1846083	ENSP00000353344	ENSP00000269305	0.000	0.000	0.000	0.000	0.000	0.576	0.000	0.895	0.953
HDAC9	CDK1	1860731	1858283	ENSP00000408617	ENSP00000378699	0.000	0.000	0.000	0.000	0.000	0.103	0.000	0.462	0.496
CDKN2A	MAPK14	1859838	1843222	ENSP00000394932	ENSP00000229794	0.000	0.000	0.000	0.000	0.000	0.149	0.900	0.388	0.943
CDK2	CDKN1B	1845906	1843169	ENSP00000266970	ENSP00000228872	0.000	0.000	0.000	0.000	0.000	0.999	0.900	0.993	0.999
MYCN	CCND1	1846701	1843117	ENSP00000281043	ENSP00000227507	0.000	0.000	0.000	0.000	0.157	0.000	0.000	0.912	0.923
TP53	CDK6	1846083	1845799	ENSP00000269305	ENSP00000265734	0.000	0.000	0.000	0.000	0.000	0.000	0.000	0.894	0.894
CDK6	CDK4	1845799	1844551	ENSP00000265734	ENSP00000257904	0.000	0.000	0.526	0.977	0.000	0.842	0.900	0.987	0.984
MYCN	E2F3	1846701	1845241	ENSP00000281043	ENSP00000262904	0.000	0.000	0.000	0.000	0.000	0.000	0.000	0.459	0.459
TRIP12	EED	1846877	1845338	ENSP00000283943	ENSP00000263360	0.000	0.000	0.000	0.000	0.070	0.321	0.000	0.231	0.472
EZH2	SUZ12	1850211	1849881	ENSP00000320147	ENSP00000316578	0.000	0.000	0.000	0.000	0.096	0.999	0.900	0.988	0.999
NPM1	CCND1	1847808	1843117	ENSP00000296930	ENSP00000227507	0.000	0.000	0.000	0.000	0.000	0.000	0.000	0.407	0.407
TP53	CDKN2C	1846083	1845196	ENSP00000269305	ENSP00000262662	0.000	0.000	0.000	0.000	0.000	0.000	0.000	0.633	0.633
BCL2L1	CCND1	1848421	1843117	ENSP00000302564	ENSP00000227507	0.000	0.000	0.000	0.000	0.000	0.000	0.000	0.821	0.821
UCHL1	CDK4	1846906	1844551	ENSP00000284440	ENSP00000257904	0.000	0.000	0.000	0.000	0.000	0.569	0.000	0.094	0.592
BCL2L1	CDK2	1848421	1845906	ENSP00000302564	ENSP00000266970	0.000	0.000	0.000	0.000	0.000	0.000	0.000	0.744	0.745
MYCN	CDKN1A	1846701	1843736	ENSP00000281043	ENSP00000244741	0.000	0.000	0.000	0.000	0.000	0.000	0.000	0.505	0.505
CTCF	EED	1845456	1845338	ENSP00000264010	ENSP00000263360	0.000	0.000	0.000	0.000	0.000	0.321	0.000	0.319	0.518
CCND3	CDKN1A	1855798	1843736	ENSP00000362082	ENSP00000244741	0.000	0.000	0.000	0.000	0.000	0.999	0.800	0.736	0.999
SP1	KDM6B	1851138	1844330	ENSP00000329357	ENSP00000254846	0.000	0.000	0.000	0.000	0.000	0.104	0.000	0.383	0.423
CDK2	CDK6	1845906	1845799	ENSP00000266970	ENSP00000265734	0.000	0.000	0.524	0.938	0.000	0.919	0.900	0.954	0.992
SP1	CDK2	1851138	1845906	ENSP00000329357	ENSP00000266970	0.000	0.000	0.000	0.000	0.000	0.601	0.000	0.879	0.950
RB1	CDKN2C	1845924	1845196	ENSP00000267163	ENSP00000262662	0.000	0.000	0.000	0.000	0.000	0.000	0.000	0.563	0.563
EGR1	MAPK14	1843543	1843222	ENSP00000239938	ENSP00000229794	0.000	0.000	0.000	0.000	0.000	0.149	0.000	0.812	0.833
SP1	MAPK14	1851138	1843222	ENSP00000329357	ENSP00000229794	0.000	0.000	0.000	0.000	0.000	0.623	0.900	0.289	0.970
E2F1	CDKN2C	1852951	1845196	ENSP00000345571	ENSP00000262662	0.000	0.000	0.000	0.000	0.000	0.576	0.900	0.207	0.963
ABL1	WRN	1855665	1847932	ENSP00000361423	ENSP00000298139	0.000	0.000	0.000	0.000	0.000	0.000	0.000	0.840	0.840
MYC	CDKN1A	1856789	1843736	ENSP00000367207	ENSP00000244741	0.000	0.000	0.000	0.000	0.000	0.000	0.900	0.963	0.996
BCL2L1	MAPK14	1848421	1843222	ENSP00000302564	ENSP00000229794	0.000	0.000	0.000	0.000	0.000	0.000	0.000	0.835	0.835
SMAD4	CCND1	1852473	1843117	ENSP00000341551	ENSP00000227507	0.000	0.000	0.000	0.000	0.000	0.000	0.900	0.912	0.990
ABL1	PIK3CA	1855665	1845446	ENSP00000361423	ENSP00000263967	0.000	0.000	0.000	0.000	0.000	0.088	0.000	0.767	0.779
RNF2	EZH2	1854609	1850211	ENSP00000356480	ENSP00000320147	0.000	0.000	0.000	0.000	0.000	0.341	0.900	0.868	0.990
TP53	KDM6B	1846083	1844330	ENSP00000269305	ENSP00000254846	0.000	0.000	0.000	0.000	0.000	0.000	0.000	0.858	0.858
CDKN2A	SMAD3	1859838	1851536	ENSP00000394932	ENSP00000332973	0.000	0.000	0.000	0.000	0.000	0.000	0.900	0.635	0.962
HDAC9	CDKN2A	1860731	1859838	ENSP00000408617	ENSP00000394932	0.000	0.000	0.000	0.000	0.000	0.102	0.000	0.917	0.922
MDM2	MYCN	1861282	1846701	ENSP00000417281	ENSP00000281043	0.000	0.000	0.000	0.000	0.000	0.000	0.000	0.501	0.501
MYCN	TWIST1	1846701	1843619	ENSP00000281043	ENSP00000242261	0.000	0.000	0.000	0.000	0.000	0.000	0.000	0.408	0.408
E2F2	MYCN	1854335	1846701	ENSP00000355249	ENSP00000281043	0.000	0.000	0.000	0.000	0.000	0.000	0.000	0.488	0.487
E2F3	CDK4	1845241	1844551	ENSP00000262904	ENSP00000257904	0.000	0.000	0.000	0.000	0.000	0.244	0.900	0.810	0.984
UBC	CCND2	1852861	1844875	ENSP00000344818	ENSP00000261254	0.000	0.000	0.000	0.000	0.000	0.829	0.000	0.101	0.840
CDK2	CDKN2C	1845906	1845196	ENSP00000266970	ENSP00000262662	0.000	0.000	0.000	0.000	0.094	0.149	0.000	0.819	0.848
CCND3	PIK3CA	1855798	1845446	ENSP00000362082	ENSP00000263967	0.000	0.000	0.000	0.000	0.000	0.000	0.900	0.360	0.933
EIF2C1	MAPK14	1855852	1843222	ENSP00000362300	ENSP00000229794	0.000	0.000	0.000	0.000	0.000	0.000	0.900	0.061	0.902
CDKN2A	BMI1	1859838	1856537	ENSP00000394932	ENSP00000365851	0.000	0.000	0.000	0.000	0.000	0.000	0.900	0.942	0.994
ABL1	MYCN	1855665	1846701	ENSP00000361423	ENSP00000281043	0.000	0.000	0.000	0.000	0.000	0.000	0.000	0.410	0.410
UBC	CDKN2C	1852861	1845196	ENSP00000344818	ENSP00000262662	0.000	0.000	0.000	0.000	0.000	0.541	0.000	0.102	0.571
MDM2	KAT5	1861282	1852315	ENSP00000417281	ENSP00000340330	0.000	0.000	0.000	0.000	0.000	0.963	0.900	0.380	0.997
BMI1	CTCF	1856537	1845456	ENSP00000365851	ENSP00000264010	0.000	0.000	0.000	0.000	0.000	0.321	0.000	0.243	0.464
SP1	CCND1	1851138	1843117	ENSP00000329357	ENSP00000227507	0.000	0.000	0.000	0.000	0.000	0.576	0.000	0.506	0.781
SMAD3	CDK2	1851536	1845906	ENSP00000332973	ENSP00000266970	0.000	0.000	0.000	0.000	0.000	0.857	0.900	0.955	0.999
WRN	PIK3CA	1847932	1845446	ENSP00000298139	ENSP00000263967	0.000	0.000	0.000	0.000	0.000	0.304	0.000	0.269	0.469
ETS1	CCND1	1858032	1843117	ENSP00000376436	ENSP00000227507	0.000	0.000	0.000	0.000	0.000	0.000	0.900	0.413	0.938
CCND3	UBC	1855798	1852861	ENSP00000362082	ENSP00000344818	0.000	0.000	0.000	0.000	0.000	0.567	0.000	0.092	0.590
UBC	KDM6B	1852861	1844330	ENSP00000344818	ENSP00000254846	0.000	0.000	0.000	0.000	0.000	0.585	0.000	0.000	0.585
HDAC9	BMI1	1860731	1856537	ENSP00000408617	ENSP00000365851	0.000	0.000	0.000	0.000	0.000	0.000	0.000	0.419	0.418
ETS2	SP1	1853968	1851138	ENSP00000353344	ENSP00000329357	0.000	0.000	0.000	0.000	0.000	0.000	0.900	0.303	0.927
MDM2	EGR1	1861282	1843543	ENSP00000417281	ENSP00000239938	0.000	0.000	0.000	0.000	0.000	0.576	0.000	0.240	0.663
EZH2	RB1	1850211	1845924	ENSP00000320147	ENSP00000267163	0.000	0.000	0.000	0.000	0.000	0.099	0.000	0.608	0.631
E2F1	CCND2	1852951	1844875	ENSP00000345571	ENSP00000261254	0.000	0.000	0.000	0.000	0.000	0.184	0.900	0.565	0.961
CDK1	CDKN1B	1858283	1843169	ENSP00000378699	ENSP00000228872	0.000	0.000	0.000	0.000	0.000	0.896	0.000	0.967	0.996
TP53	CDKN1B	1846083	1843169	ENSP00000269305	ENSP00000228872	0.000	0.000	0.000	0.000	0.000	0.000	0.000	0.832	0.832
MDM2	TP53	1861282	1846083	ENSP00000417281	ENSP00000269305	0.000	0.000	0.000	0.000	0.167	0.999	0.900	0.981	0.999
WRN	CDK2	1847932	1845906	ENSP00000298139	ENSP00000266970	0.000	0.000	0.000	0.000	0.082	0.259	0.000	0.358	0.525
CDK1	UCHL1	1858283	1846906	ENSP00000378699	ENSP00000284440	0.000	0.000	0.000	0.000	0.000	0.569	0.000	0.061	0.577
SMAD3	CDKN1B	1851536	1843169	ENSP00000332973	ENSP00000228872	0.000	0.000	0.000	0.000	0.000	0.000	0.900	0.521	0.950
BMI1	CDKN1A	1856537	1843736	ENSP00000365851	ENSP00000244741	0.000	0.000	0.000	0.000	0.000	0.000	0.000	0.531	0.531
ING1	UBC	1856375	1852861	ENSP00000364929	ENSP00000344818	0.000	0.000	0.000	0.000	0.000	0.866	0.000	0.052	0.868
SP1	E2F3	1851138	1845241	ENSP00000329357	ENSP00000262904	0.000	0.000	0.000	0.000	0.000	0.613	0.900	0.196	0.966
EZH2	CDK6	1850211	1845799	ENSP00000320147	ENSP00000265734	0.000	0.000	0.000	0.000	0.000	0.292	0.000	0.414	0.567
CDKN2A	TRIP12	1859838	1846877	ENSP00000394932	ENSP00000283943	0.000	0.000	0.000	0.000	0.000	0.959	0.000	0.860	0.994
MDM2	CDK6	1861282	1845799	ENSP00000417281	ENSP00000265734	0.000	0.000	0.000	0.000	0.000	0.000	0.000	0.502	0.502
SMAD3	TP53	1851536	1846083	ENSP00000332973	ENSP00000269305	0.000	0.000	0.000	0.000	0.000	0.911	0.000	0.912	0.991
ETS2	CDKN1A	1853968	1843736	ENSP00000353344	ENSP00000244741	0.000	0.000	0.000	0.000	0.000	0.000	0.000	0.872	0.872
E4F1	KDM6B	1848326	1844330	ENSP00000301727	ENSP00000254846	0.000	0.000	0.000	0.000	0.000	0.104	0.000	0.383	0.423
CDKN2A	CDKN2C	1859838	1845196	ENSP00000394932	ENSP00000262662	0.000	0.000	0.000	0.821	0.000	0.564	0.900	0.907	0.961
NPM1	CDK4	1847808	1844551	ENSP00000296930	ENSP00000257904	0.000	0.000	0.000	0.000	0.000	0.000	0.000	0.866	0.866
MDM2	EIF2C1	1861282	1855852	ENSP00000417281	ENSP00000362300	0.000	0.000	0.000	0.000	0.000	0.000	0.900	0.197	0.916
UBC	SP1	1852861	1851138	ENSP00000344818	ENSP00000329357	0.000	0.000	0.000	0.000	0.000	0.994	0.000	0.177	0.995
MDM2	UBC	1861282	1852861	ENSP00000417281	ENSP00000344818	0.000	0.000	0.000	0.000	0.000	0.999	0.900	0.081	0.999
PIK3CA	CCND2	1845446	1844875	ENSP00000263967	ENSP00000261254	0.000	0.000	0.000	0.000	0.000	0.000	0.000	0.403	0.403
MYC	CDK4	1856789	1844551	ENSP00000367207	ENSP00000257904	0.000	0.000	0.000	0.000	0.000	0.464	0.900	0.960	0.997
CDK1	E2F1	1858283	1852951	ENSP00000378699	ENSP00000345571	0.000	0.000	0.000	0.000	0.000	0.850	0.900	0.587	0.993
CDKN2A	ETS1	1859838	1858032	ENSP00000394932	ENSP00000376436	0.000	0.000	0.000	0.000	0.000	0.074	0.900	0.373	0.936
MDM2	PIK3CA	1861282	1845446	ENSP00000417281	ENSP00000263967	0.000	0.000	0.000	0.000	0.000	0.000	0.000	0.471	0.471
CDK1	CCND1	1858283	1843117	ENSP00000378699	ENSP00000227507	0.000	0.000	0.000	0.000	0.000	0.867	0.000	0.913	0.988
MDM2	CDK5RAP3	1861282	1852848	ENSP00000417281	ENSP00000344683	0.000	0.000	0.000	0.000	0.000	0.566	0.000	0.191	0.633
CDKN1A	CDKN1B	1843736	1843169	ENSP00000244741	ENSP00000228872	0.000	0.000	0.000	0.764	0.000	0.920	0.900	0.920	0.993
TP53	TWIST1	1846083	1843619	ENSP00000269305	ENSP00000242261	0.000	0.000	0.000	0.000	0.000	0.807	0.000	0.908	0.981
CDK6	MAPK14	1845799	1843222	ENSP00000265734	ENSP00000229794	0.000	0.000	0.434	0.824	0.000	0.299	0.000	0.532	0.408
CDK1	BCL2L1	1858283	1848421	ENSP00000378699	ENSP00000302564	0.000	0.000	0.000	0.000	0.000	0.000	0.000	0.936	0.937
TWIST1	EGR1	1843619	1843543	ENSP00000242261	ENSP00000239938	0.000	0.000	0.000	0.000	0.000	0.000	0.000	0.511	0.511
BMI1	RNF2	1856537	1854609	ENSP00000365851	ENSP00000356480	0.000	0.000	0.000	0.000	0.000	0.999	0.900	0.831	0.999
CDKN2C	CCND2	1845196	1844875	ENSP00000262662	ENSP00000261254	0.000	0.000	0.000	0.000	0.000	0.000	0.800	0.636	0.924
BMI1	CCND1	1856537	1843117	ENSP00000365851	ENSP00000227507	0.000	0.000	0.000	0.000	0.000	0.000	0.000	0.511	0.511
UBC	CDK5RAP3	1852861	1852848	ENSP00000344818	ENSP00000344683	0.000	0.000	0.000	0.000	0.000	0.994	0.000	0.053	0.994
HDAC9	KDM6B	1860731	1844330	ENSP00000408617	ENSP00000254846	0.000	0.000	0.000	0.000	0.000	0.079	0.000	0.649	0.663
HDAC9	EED	1860731	1845338	ENSP00000408617	ENSP00000263360	0.000	0.000	0.000	0.000	0.000	0.230	0.000	0.273	0.417
EZH2	EED	1850211	1845338	ENSP00000320147	ENSP00000263360	0.000	0.000	0.000	0.000	0.000	0.999	0.900	0.988	0.999
MYCN	CDK4	1846701	1844551	ENSP00000281043	ENSP00000257904	0.000	0.000	0.000	0.000	0.000	0.000	0.000	0.506	0.506
BMI1	TWIST1	1856537	1843619	ENSP00000365851	ENSP00000242261	0.000	0.000	0.000	0.000	0.000	0.000	0.000	0.503	0.503
ING1	TP53	1856375	1846083	ENSP00000364929	ENSP00000269305	0.000	0.000	0.000	0.000	0.000	0.917	0.000	0.909	0.992
TP53	CCND2	1846083	1844875	ENSP00000269305	ENSP00000261254	0.000	0.000	0.000	0.000	0.000	0.000	0.000	0.658	0.658
MYC	BMI1	1856789	1856537	ENSP00000367207	ENSP00000365851	0.000	0.000	0.000	0.000	0.000	0.000	0.900	0.912	0.990
SMAD4	KDM6B	1852473	1844330	ENSP00000341551	ENSP00000254846	0.000	0.000	0.000	0.000	0.000	0.576	0.000	0.116	0.609
CDKN2C	CDKN1B	1845196	1843169	ENSP00000262662	ENSP00000228872	0.000	0.000	0.000	0.000	0.000	0.000	0.900	0.832	0.982
TOP1	CDKN1A	1854138	1843736	ENSP00000354522	ENSP00000244741	0.000	0.000	0.000	0.000	0.000	0.000	0.000	0.508	0.508
CDKN1A	EGR1	1843736	1843543	ENSP00000244741	ENSP00000239938	0.000	0.000	0.000	0.000	0.000	0.000	0.000	0.909	0.909
E2F2	E2F3	1854335	1845241	ENSP00000355249	ENSP00000262904	0.000	0.000	0.000	0.910	0.000	0.000	0.900	0.879	0.907
RB1	MAPK14	1845924	1843222	ENSP00000267163	ENSP00000229794	0.000	0.000	0.000	0.000	0.000	0.912	0.900	0.265	0.993
ETS2	BCL2L1	1853968	1848421	ENSP00000353344	ENSP00000302564	0.000	0.000	0.000	0.000	0.000	0.000	0.000	0.864	0.864
UBC	SMAD4	1852861	1852473	ENSP00000344818	ENSP00000341551	0.000	0.000	0.000	0.000	0.000	0.999	0.900	0.080	0.999
EIF2C1	RNF2	1855852	1854609	ENSP00000362300	ENSP00000356480	0.000	0.000	0.000	0.000	0.000	0.000	0.900	0.000	0.900
NPM1	CDKN1A	1847808	1843736	ENSP00000296930	ENSP00000244741	0.000	0.000	0.000	0.000	0.000	0.576	0.000	0.873	0.944
CDK5RAP3	NPM1	1852848	1847808	ENSP00000344683	ENSP00000296930	0.000	0.000	0.000	0.000	0.000	0.572	0.000	0.151	0.621
KAT5	MYCN	1852315	1846701	ENSP00000340330	ENSP00000281043	0.000	0.000	0.000	0.000	0.000	0.570	0.000	0.262	0.669
CDK6	CDKN1A	1845799	1843736	ENSP00000265734	ENSP00000244741	0.000	0.000	0.000	0.000	0.000	0.859	0.900	0.962	0.999
UBC	SUZ12	1852861	1849881	ENSP00000344818	ENSP00000316578	0.000	0.000	0.000	0.000	0.000	0.620	0.000	0.043	0.621
TOP1	TP53	1854138	1846083	ENSP00000354522	ENSP00000269305	0.000	0.000	0.000	0.000	0.000	0.917	0.000	0.754	0.978
E2F1	CCND1	1852951	1843117	ENSP00000345571	ENSP00000227507	0.000	0.000	0.000	0.000	0.000	0.184	0.900	0.928	0.993
HDAC9	KAT5	1860731	1852315	ENSP00000408617	ENSP00000340330	0.000	0.000	0.000	0.000	0.000	0.308	0.000	0.754	0.823
MYC	PIK3CA	1856789	1845446	ENSP00000367207	ENSP00000263967	0.000	0.000	0.000	0.000	0.000	0.000	0.900	0.537	0.951
ABL1	CDK2	1855665	1845906	ENSP00000361423	ENSP00000266970	0.000	0.000	0.000	0.693	0.000	0.107	0.900	0.608	0.923
E2F2	CDK2	1854335	1845906	ENSP00000355249	ENSP00000266970	0.000	0.000	0.000	0.000	0.000	0.285	0.900	0.866	0.989
SP1	CDK4	1851138	1844551	ENSP00000329357	ENSP00000257904	0.000	0.000	0.000	0.000	0.000	0.589	0.000	0.367	0.729
BCL2L1	CDKN1A	1848421	1843736	ENSP00000302564	ENSP00000244741	0.000	0.000	0.000	0.000	0.000	0.000	0.000	0.752	0.752
ETS1	TP53	1858032	1846083	ENSP00000376436	ENSP00000269305	0.000	0.000	0.000	0.000	0.000	0.812	0.000	0.908	0.982
SP1	RB1	1851138	1845924	ENSP00000329357	ENSP00000267163	0.000	0.000	0.000	0.000	0.000	0.964	0.900	0.846	0.999
RNF2	SUZ12	1854609	1849881	ENSP00000356480	ENSP00000316578	0.000	0.000	0.000	0.000	0.000	0.533	0.900	0.840	0.991
MYC	RB1	1856789	1845924	ENSP00000367207	ENSP00000267163	0.000	0.000	0.000	0.000	0.000	0.576	0.900	0.700	0.986
SUZ12	E2F3	1849881	1845241	ENSP00000316578	ENSP00000262904	0.000	0.000	0.000	0.000	0.000	0.000	0.900	0.211	0.917
EZH2	E2F3	1850211	1845241	ENSP00000320147	ENSP00000262904	0.000	0.000	0.000	0.000	0.000	0.000	0.900	0.488	0.946
CCND3	TP53	1855798	1846083	ENSP00000362082	ENSP00000269305	0.000	0.000	0.000	0.000	0.000	0.000	0.000	0.648	0.648
CDKN2A	E4F1	1859838	1848326	ENSP00000394932	ENSP00000301727	0.000	0.000	0.000	0.000	0.000	0.598	0.000	0.851	0.937
BMI1	EIF2C1	1856537	1855852	ENSP00000365851	ENSP00000362300	0.000	0.000	0.000	0.000	0.000	0.321	0.900	0.099	0.933
UBC	MAPK14	1852861	1843222	ENSP00000344818	ENSP00000229794	0.000	0.000	0.000	0.000	0.000	0.847	0.000	0.264	0.882
UBC	NPM1	1852861	1847808	ENSP00000344818	ENSP00000296930	0.000	0.000	0.000	0.000	0.000	0.999	0.000	0.075	0.999
CDK1	E2F2	1858283	1854335	ENSP00000378699	ENSP00000355249	0.000	0.000	0.000	0.000	0.000	0.285	0.900	0.785	0.983
SP1	PIK3CA	1851138	1845446	ENSP00000329357	ENSP00000263967	0.000	0.000	0.000	0.000	0.000	0.074	0.900	0.084	0.907
BCL2L1	CDK6	1848421	1845799	ENSP00000302564	ENSP00000265734	0.000	0.000	0.000	0.000	0.000	0.000	0.000	0.563	0.563
CDKN1A	CCND1	1843736	1843117	ENSP00000244741	ENSP00000227507	0.000	0.000	0.000	0.000	0.000	0.999	0.900	0.974	0.999
HDAC9	ING1	1860731	1856375	ENSP00000408617	ENSP00000364929	0.000	0.000	0.000	0.000	0.000	0.298	0.000	0.652	0.745
CDK1	CCND2	1858283	1844875	ENSP00000378699	ENSP00000261254	0.000	0.000	0.000	0.000	0.000	0.360	0.000	0.845	0.897
HDAC9	CDKN1A	1860731	1843736	ENSP00000408617	ENSP00000244741	0.000	0.000	0.000	0.000	0.000	0.000	0.000	0.938	0.938
CDK1	TOP1	1858283	1854138	ENSP00000378699	ENSP00000354522	0.000	0.000	0.000	0.000	0.000	0.000	0.000	0.527	0.527
CDKN2AIP	MDM2	1861696	1861282	ENSP00000427108	ENSP00000417281	0.000	0.000	0.000	0.000	0.000	0.812	0.000	0.203	0.844
SP1	CDK6	1851138	1845799	ENSP00000329357	ENSP00000265734	0.000	0.000	0.000	0.000	0.000	0.098	0.000	0.396	0.432
CDKN2A	CDK4	1859838	1844551	ENSP00000394932	ENSP00000257904	0.000	0.000	0.000	0.000	0.000	0.999	0.900	0.993	0.999
E2F2	RB1	1854335	1845924	ENSP00000355249	ENSP00000267163	0.000	0.000	0.000	0.000	0.000	0.999	0.900	0.863	0.999
RB1	CDKN1B	1845924	1843169	ENSP00000267163	ENSP00000228872	0.000	0.000	0.000	0.000	0.000	0.109	0.900	0.659	0.967
ABL1	E2F1	1855665	1852951	ENSP00000361423	ENSP00000345571	0.000	0.000	0.000	0.000	0.000	0.000	0.900	0.151	0.911
BMI1	EZH2	1856537	1850211	ENSP00000365851	ENSP00000320147	0.000	0.000	0.000	0.000	0.000	0.707	0.900	0.879	0.996
CDKN2C	CCND1	1845196	1843117	ENSP00000262662	ENSP00000227507	0.000	0.000	0.000	0.000	0.000	0.000	0.900	0.700	0.968
TP53	CCND1	1846083	1843117	ENSP00000269305	ENSP00000227507	0.000	0.000	0.000	0.000	0.000	0.000	0.000	0.979	0.979
HDAC9	TP53	1860731	1846083	ENSP00000408617	ENSP00000269305	0.000	0.000	0.000	0.000	0.000	0.576	0.000	0.949	0.977
EZH2	CDK2	1850211	1845906	ENSP00000320147	ENSP00000266970	0.000	0.000	0.000	0.000	0.000	0.576	0.000	0.917	0.963
TP53	CDK4	1846083	1844551	ENSP00000269305	ENSP00000257904	0.000	0.000	0.000	0.000	0.000	0.000	0.000	0.988	0.988
SP1	EGR1	1851138	1843543	ENSP00000329357	ENSP00000239938	0.000	0.000	0.000	0.646	0.000	0.807	0.000	0.913	0.869
UCHL1	CDK6	1846906	1845799	ENSP00000284440	ENSP00000265734	0.000	0.000	0.000	0.000	0.000	0.569	0.000	0.060	0.577
CDKN2C	CDKN1A	1845196	1843736	ENSP00000262662	ENSP00000244741	0.000	0.000	0.000	0.000	0.000	0.000	0.900	0.828	0.982
BCL2L1	TP53	1848421	1846083	ENSP00000302564	ENSP00000269305	0.000	0.000	0.000	0.000	0.000	0.996	0.000	0.974	0.999
CDK1	CDKN1A	1858283	1843736	ENSP00000378699	ENSP00000244741	0.000	0.000	0.000	0.000	0.000	0.979	0.900	0.965	0.999
EIF2C1	E2F2	1855852	1854335	ENSP00000362300	ENSP00000355249	0.000	0.000	0.000	0.000	0.000	0.000	0.900	0.227	0.919
E4F1	TP53	1848326	1846083	ENSP00000301727	ENSP00000269305	0.000	0.000	0.000	0.000	0.000	0.917	0.900	0.329	0.993
CCND3	CDKN1B	1855798	1843169	ENSP00000362082	ENSP00000228872	0.000	0.000	0.000	0.000	0.000	0.998	0.800	0.951	0.999
SP1	CDKN1A	1851138	1843736	ENSP00000329357	ENSP00000244741	0.000	0.000	0.000	0.000	0.000	0.567	0.900	0.908	0.995
SMAD3	CDKN1A	1851536	1843736	ENSP00000332973	ENSP00000244741	0.000	0.000	0.000	0.000	0.000	0.000	0.900	0.912	0.990
SMAD4	SP1	1852473	1851138	ENSP00000341551	ENSP00000329357	0.000	0.000	0.000	0.000	0.000	0.992	0.900	0.357	0.999
CCND2	EGR1	1844875	1843543	ENSP00000261254	ENSP00000239938	0.000	0.000	0.000	0.000	0.000	0.000	0.000	0.418	0.418
TOP1	UBC	1854138	1852861	ENSP00000354522	ENSP00000344818	0.000	0.000	0.000	0.000	0.000	0.972	0.000	0.166	0.976
E2F2	SP1	1854335	1851138	ENSP00000355249	ENSP00000329357	0.000	0.000	0.000	0.000	0.000	0.564	0.900	0.138	0.959
SMAD4	PIK3CA	1852473	1845446	ENSP00000341551	ENSP00000263967	0.000	0.000	0.000	0.000	0.000	0.000	0.000	0.531	0.532
ABL1	EGR1	1855665	1843543	ENSP00000361423	ENSP00000239938	0.000	0.000	0.000	0.000	0.065	0.080	0.000	0.868	0.877
NPM1	TRIP12	1847808	1846877	ENSP00000296930	ENSP00000283943	0.000	0.000	0.000	0.000	0.000	0.564	0.000	0.874	0.942
CCND3	CDK6	1855798	1845799	ENSP00000362082	ENSP00000265734	0.000	0.000	0.000	0.000	0.000	0.999	0.900	0.990	0.999
MYC	CCND3	1856789	1855798	ENSP00000367207	ENSP00000362082	0.000	0.000	0.000	0.000	0.000	0.000	0.000	0.923	0.923
EIF2C1	CDK4	1855852	1844551	ENSP00000362300	ENSP00000257904	0.000	0.000	0.000	0.000	0.000	0.000	0.900	0.078	0.903
MYC	WRN	1856789	1847932	ENSP00000367207	ENSP00000298139	0.000	0.000	0.000	0.000	0.000	0.000	0.000	0.859	0.859
TP53	EGR1	1846083	1843543	ENSP00000269305	ENSP00000239938	0.000	0.000	0.000	0.000	0.000	0.963	0.000	0.937	0.997
CTCF	KDM6B	1845456	1844330	ENSP00000264010	ENSP00000254846	0.000	0.000	0.000	0.000	0.000	0.104	0.000	0.448	0.484
MDM2	SP1	1861282	1851138	ENSP00000417281	ENSP00000329357	0.000	0.000	0.000	0.000	0.000	0.235	0.000	0.862	0.890
SMAD3	CCND1	1851536	1843117	ENSP00000332973	ENSP00000227507	0.000	0.000	0.000	0.000	0.000	0.000	0.000	0.525	0.525
NPM1	CDK2	1847808	1845906	ENSP00000296930	ENSP00000266970	0.000	0.000	0.000	0.000	0.000	0.812	0.000	0.896	0.979
PIK3CA	CDKN1B	1845446	1843169	ENSP00000263967	ENSP00000228872	0.000	0.000	0.000	0.000	0.000	0.000	0.000	0.457	0.457
CDKN2A	RB1	1859838	1845924	ENSP00000394932	ENSP00000267163	0.000	0.000	0.000	0.000	0.000	0.000	0.900	0.962	0.996
BCL2L1	MYCN	1848421	1846701	ENSP00000302564	ENSP00000281043	0.000	0.000	0.000	0.000	0.000	0.000	0.000	0.413	0.412
ABL1	MAPK14	1855665	1843222	ENSP00000361423	ENSP00000229794	0.000	0.000	0.000	0.665	0.000	0.194	0.900	0.462	0.928
EZH2	KDM6B	1850211	1844330	ENSP00000320147	ENSP00000254846	0.000	0.000	0.000	0.000	0.000	0.201	0.000	0.773	0.811
EIF2C1	E2F1	1855852	1852951	ENSP00000362300	ENSP00000345571	0.000	0.000	0.000	0.000	0.000	0.000	0.900	0.295	0.926
CDKN2A	CCND1	1859838	1843117	ENSP00000394932	ENSP00000227507	0.000	0.000	0.000	0.000	0.000	0.803	0.900	0.972	0.999
MDM2	CCND1	1861282	1843117	ENSP00000417281	ENSP00000227507	0.000	0.000	0.000	0.000	0.000	0.000	0.000	0.650	0.650
RB1	EED	1845924	1845338	ENSP00000267163	ENSP00000263360	0.000	0.000	0.000	0.000	0.092	0.664	0.000	0.384	0.795
ABL1	UBC	1855665	1852861	ENSP00000361423	ENSP00000344818	0.000	0.000	0.000	0.000	0.000	0.879	0.000	0.218	0.902
E2F3	CDKN1A	1845241	1843736	ENSP00000262904	ENSP00000244741	0.000	0.000	0.000	0.000	0.000	0.000	0.900	0.507	0.948
TP53	CDK2	1846083	1845906	ENSP00000269305	ENSP00000266970	0.000	0.000	0.000	0.000	0.000	0.982	0.900	0.979	0.999
TOP1	CCND1	1854138	1843117	ENSP00000354522	ENSP00000227507	0.000	0.000	0.000	0.000	0.064	0.000	0.000	0.873	0.876
RNF2	TP53	1854609	1846083	ENSP00000356480	ENSP00000269305	0.000	0.000	0.000	0.000	0.000	0.802	0.000	0.261	0.847
MYCN	CCND2	1846701	1844875	ENSP00000281043	ENSP00000261254	0.000	0.000	0.000	0.000	0.091	0.000	0.000	0.505	0.530
BMI1	SUZ12	1856537	1849881	ENSP00000365851	ENSP00000316578	0.000	0.000	0.000	0.000	0.000	0.341	0.900	0.819	0.987
ABL1	NPM1	1855665	1847808	ENSP00000361423	ENSP00000296930	0.000	0.000	0.000	0.000	0.000	0.073	0.000	0.886	0.890
UBC	CTCF	1852861	1845456	ENSP00000344818	ENSP00000264010	0.000	0.000	0.000	0.000	0.000	0.733	0.000	0.177	0.772
HDAC9	MYC	1860731	1856789	ENSP00000408617	ENSP00000367207	0.000	0.000	0.000	0.000	0.000	0.000	0.000	0.926	0.926
MYC	TP53	1856789	1846083	ENSP00000367207	ENSP00000269305	0.000	0.000	0.000	0.000	0.000	0.150	0.900	0.981	0.998
CCND3	CDK4	1855798	1844551	ENSP00000362082	ENSP00000257904	0.000	0.000	0.000	0.000	0.000	0.999	0.900	0.993	0.999
ETS1	EIF2C1	1858032	1855852	ENSP00000376436	ENSP00000362300	0.000	0.000	0.000	0.000	0.000	0.000	0.900	0.000	0.900
CDKN2A	CDK2	1859838	1845906	ENSP00000394932	ENSP00000266970	0.000	0.000	0.000	0.000	0.000	0.451	0.000	0.974	0.985
BCL2L1	CDKN1B	1848421	1843169	ENSP00000302564	ENSP00000228872	0.000	0.000	0.000	0.000	0.000	0.000	0.000	0.668	0.668
EIF2C1	E2F3	1855852	1845241	ENSP00000362300	ENSP00000262904	0.000	0.000	0.000	0.000	0.000	0.000	0.900	0.224	0.919
UBC	BCL2L1	1852861	1848421	ENSP00000344818	ENSP00000302564	0.000	0.000	0.000	0.000	0.000	0.981	0.000	0.145	0.983
TP53	MAPK14	1846083	1843222	ENSP00000269305	ENSP00000229794	0.000	0.000	0.000	0.000	0.000	0.912	0.900	0.917	0.999
SMAD3	CDK4	1851536	1844551	ENSP00000332973	ENSP00000257904	0.000	0.000	0.000	0.000	0.000	0.857	0.900	0.895	0.998
CDK1	CDKN2C	1858283	1845196	ENSP00000378699	ENSP00000262662	0.000	0.000	0.000	0.000	0.119	0.149	0.000	0.675	0.735
UBC	EZH2	1852861	1850211	ENSP00000344818	ENSP00000320147	0.000	0.000	0.000	0.000	0.000	0.945	0.000	0.081	0.948
ETS1	MYC	1858032	1856789	ENSP00000376436	ENSP00000367207	0.000	0.000	0.000	0.000	0.000	0.000	0.000	0.517	0.517
SMAD3	EGR1	1851536	1843543	ENSP00000332973	ENSP00000239938	0.000	0.000	0.000	0.000	0.000	0.000	0.000	0.788	0.788
E2F1	E2F3	1852951	1845241	ENSP00000345571	ENSP00000262904	0.000	0.000	0.000	0.877	0.000	0.000	0.900	0.869	0.910
CCND3	E2F1	1855798	1852951	ENSP00000362082	ENSP00000345571	0.000	0.000	0.000	0.000	0.000	0.184	0.900	0.615	0.965
ABL1	RB1	1855665	1845924	ENSP00000361423	ENSP00000267163	0.000	0.000	0.000	0.000	0.000	0.962	0.900	0.878	0.999
PIK3CA	CDK4	1845446	1844551	ENSP00000263967	ENSP00000257904	0.000	0.000	0.000	0.000	0.065	0.216	0.000	0.531	0.626
E2F3	CDKN1B	1845241	1843169	ENSP00000262904	ENSP00000228872	0.000	0.000	0.000	0.000	0.000	0.000	0.900	0.473	0.945
TP53	CTCF	1846083	1845456	ENSP00000269305	ENSP00000264010	0.000	0.000	0.000	0.000	0.000	0.000	0.000	0.889	0.889
CDKN2A	EIF2C1	1859838	1855852	ENSP00000394932	ENSP00000362300	0.000	0.000	0.000	0.000	0.000	0.095	0.900	0.229	0.924
EGR1	CCND1	1843543	1843117	ENSP00000239938	ENSP00000227507	0.000	0.000	0.000	0.000	0.000	0.000	0.000	0.912	0.912
HDAC9	SMAD3	1860731	1851536	ENSP00000408617	ENSP00000332973	0.000	0.000	0.000	0.000	0.000	0.000	0.000	0.880	0.881
MYC	UBC	1856789	1852861	ENSP00000367207	ENSP00000344818	0.000	0.000	0.000	0.000	0.000	0.999	0.000	0.243	0.999
RB1	CDKN1A	1845924	1843736	ENSP00000267163	ENSP00000244741	0.000	0.000	0.000	0.000	0.000	0.570	0.900	0.720	0.986
CDK2	CDKN1A	1845906	1843736	ENSP00000266970	ENSP00000244741	0.000	0.000	0.000	0.000	0.000	0.999	0.900	0.994	0.999
KAT5	CCND2	1852315	1844875	ENSP00000340330	ENSP00000261254	0.000	0.000	0.000	0.000	0.000	0.000	0.900	0.213	0.917
SMAD4	SMAD3	1852473	1851536	ENSP00000341551	ENSP00000332973	0.000	0.000	0.000	0.772	0.000	0.999	0.900	0.994	0.999
MDM2	TOP1	1861282	1854138	ENSP00000417281	ENSP00000354522	0.000	0.000	0.000	0.000	0.000	0.169	0.000	0.406	0.485
ABL1	CCND2	1855665	1844875	ENSP00000361423	ENSP00000261254	0.000	0.000	0.000	0.000	0.000	0.576	0.000	0.875	0.945
SMAD4	MYCN	1852473	1846701	ENSP00000341551	ENSP00000281043	0.000	0.000	0.000	0.000	0.000	0.000	0.000	0.850	0.850
TOP1	TWIST1	1854138	1843619	ENSP00000354522	ENSP00000242261	0.000	0.000	0.000	0.000	0.000	0.000	0.000	0.529	0.529
CDKN2A	EZH2	1859838	1850211	ENSP00000394932	ENSP00000320147	0.000	0.000	0.000	0.000	0.000	0.375	0.900	0.615	0.973
E4F1	RB1	1848326	1845924	ENSP00000301727	ENSP00000267163	0.000	0.000	0.000	0.000	0.000	0.601	0.000	0.197	0.666
BMI1	UBC	1856537	1852861	ENSP00000365851	ENSP00000344818	0.000	0.000	0.000	0.000	0.000	0.977	0.000	0.126	0.979
CDK2	CCND2	1845906	1844875	ENSP00000266970	ENSP00000261254	0.000	0.000	0.000	0.000	0.000	0.871	0.900	0.986	0.999
CDKN2A	UCHL1	1859838	1846906	ENSP00000394932	ENSP00000284440	0.000	0.000	0.000	0.000	0.000	0.570	0.000	0.846	0.931
E2F1	CDK6	1852951	1845799	ENSP00000345571	ENSP00000265734	0.000	0.000	0.000	0.000	0.000	0.244	0.900	0.610	0.968
BMI1	CDKN1B	1856537	1843169	ENSP00000365851	ENSP00000228872	0.000	0.000	0.000	0.000	0.000	0.000	0.000	0.438	0.438
HDAC9	CDKN1B	1860731	1843169	ENSP00000408617	ENSP00000228872	0.000	0.000	0.000	0.000	0.000	0.000	0.000	0.480	0.480
CDK1	CDK6	1858283	1845799	ENSP00000378699	ENSP00000265734	0.000	0.000	0.519	0.934	0.066	0.109	0.900	0.883	0.917
HDAC9	SMAD4	1860731	1852473	ENSP00000408617	ENSP00000341551	0.000	0.000	0.000	0.000	0.000	0.000	0.000	0.415	0.414
CDK1	WRN	1858283	1847932	ENSP00000378699	ENSP00000298139	0.000	0.000	0.000	0.000	0.082	0.259	0.000	0.381	0.542
MDM2	CDKN1A	1861282	1843736	ENSP00000417281	ENSP00000244741	0.000	0.000	0.000	0.000	0.000	0.997	0.000	0.731	0.999
CDKN2A	E2F1	1859838	1852951	ENSP00000394932	ENSP00000345571	0.000	0.000	0.000	0.000	0.000	0.576	0.900	0.864	0.993
CDK6	CDKN2C	1845799	1845196	ENSP00000265734	ENSP00000262662	0.000	0.000	0.000	0.000	0.000	0.999	0.900	0.877	0.999
CDKN2A	CDK5RAP3	1859838	1852848	ENSP00000394932	ENSP00000344683	0.000	0.000	0.000	0.000	0.000	0.808	0.000	0.827	0.965
UBC	KAT5	1852861	1852315	ENSP00000344818	ENSP00000340330	0.000	0.000	0.000	0.000	0.000	0.979	0.000	0.064	0.981
SMAD4	TP53	1852473	1846083	ENSP00000341551	ENSP00000269305	0.000	0.000	0.000	0.000	0.000	0.000	0.000	0.943	0.943
EZH2	TP53	1850211	1846083	ENSP00000320147	ENSP00000269305	0.000	0.000	0.000	0.000	0.000	0.000	0.000	0.921	0.921
E2F2	EZH2	1854335	1850211	ENSP00000355249	ENSP00000320147	0.000	0.000	0.000	0.000	0.000	0.000	0.900	0.341	0.931
CDKN2A	KAT5	1859838	1852315	ENSP00000394932	ENSP00000340330	0.000	0.000	0.000	0.000	0.000	0.576	0.000	0.866	0.941
MYC	CDKN1B	1856789	1843169	ENSP00000367207	ENSP00000228872	0.000	0.000	0.000	0.000	0.000	0.000	0.900	0.968	0.996
E2F1	CDKN1A	1852951	1843736	ENSP00000345571	ENSP00000244741	0.000	0.000	0.000	0.000	0.000	0.576	0.900	0.344	0.969
MYC	KAT5	1856789	1852315	ENSP00000367207	ENSP00000340330	0.000	0.000	0.000	0.000	0.000	0.942	0.900	0.889	0.999
CDK2	E2F3	1845906	1845241	ENSP00000266970	ENSP00000262904	0.000	0.000	0.000	0.000	0.000	0.285	0.900	0.883	0.990
MYC	TOP1	1856789	1854138	ENSP00000367207	ENSP00000354522	0.000	0.000	0.000	0.000	0.000	0.225	0.000	0.897	0.917
EZH2	CDKN1A	1850211	1843736	ENSP00000320147	ENSP00000244741	0.000	0.000	0.000	0.000	0.000	0.000	0.000	0.470	0.470
MYC	CCND2	1856789	1844875	ENSP00000367207	ENSP00000261254	0.000	0.000	0.000	0.000	0.000	0.000	0.900	0.937	0.993
ABL1	CCND1	1855665	1843117	ENSP00000361423	ENSP00000227507	0.000	0.000	0.000	0.000	0.000	0.000	0.900	0.906	0.990
BCL2L1	RB1	1848421	1845924	ENSP00000302564	ENSP00000267163	0.000	0.000	0.000	0.000	0.000	0.000	0.000	0.454	0.454
E2F1	EZH2	1852951	1850211	ENSP00000345571	ENSP00000320147	0.000	0.000	0.000	0.000	0.000	0.341	0.900	0.196	0.942
TOP1	WRN	1854138	1847932	ENSP00000354522	ENSP00000298139	0.000	0.000	0.000	0.000	0.000	0.667	0.000	0.751	0.913
UBC	CDKN1B	1852861	1843169	ENSP00000344818	ENSP00000228872	0.000	0.000	0.000	0.000	0.000	0.999	0.900	0.101	0.999
PIK3CA	CCND1	1845446	1843117	ENSP00000263967	ENSP00000227507	0.000	0.000	0.000	0.000	0.000	0.000	0.900	0.652	0.963
CDKN2A	EED	1859838	1845338	ENSP00000394932	ENSP00000263360	0.000	0.000	0.000	0.000	0.000	0.000	0.900	0.300	0.927
SMAD4	CDKN1A	1852473	1843736	ENSP00000341551	ENSP00000244741	0.000	0.000	0.000	0.000	0.000	0.732	0.900	0.922	0.997
TOP1	NPM1	1854138	1847808	ENSP00000354522	ENSP00000296930	0.000	0.000	0.000	0.000	0.000	0.481	0.000	0.361	0.654
KAT5	TP53	1852315	1846083	ENSP00000340330	ENSP00000269305	0.000	0.000	0.000	0.000	0.000	0.992	0.900	0.912	0.999
BMI1	CDK6	1856537	1845799	ENSP00000365851	ENSP00000265734	0.000	0.000	0.000	0.000	0.000	0.000	0.000	0.472	0.472
ETS2	TWIST1	1853968	1843619	ENSP00000353344	ENSP00000242261	0.000	0.000	0.000	0.000	0.000	0.576	0.000	0.247	0.667
HDAC9	CTCF	1860731	1845456	ENSP00000408617	ENSP00000264010	0.000	0.000	0.000	0.000	0.000	0.105	0.000	0.894	0.901
SMAD4	E4F1	1852473	1848326	ENSP00000341551	ENSP00000301727	0.000	0.000	0.000	0.000	0.000	0.000	0.000	0.795	0.796
SMAD3	CCND2	1851536	1844875	ENSP00000332973	ENSP00000261254	0.000	0.000	0.000	0.000	0.000	0.000	0.000	0.400	0.400
RB1	CDK2	1845924	1845906	ENSP00000267163	ENSP00000266970	0.000	0.000	0.000	0.000	0.000	0.999	0.900	0.968	0.999
ABL1	BCL2L1	1855665	1848421	ENSP00000361423	ENSP00000302564	0.000	0.000	0.000	0.000	0.000	0.576	0.000	0.917	0.963
MYC	BCL2L1	1856789	1848421	ENSP00000367207	ENSP00000302564	0.000	0.000	0.000	0.000	0.000	0.000	0.000	0.962	0.962
BMI1	TP53	1856537	1846083	ENSP00000365851	ENSP00000269305	0.000	0.000	0.000	0.000	0.000	0.807	0.000	0.654	0.930
SP1	CDKN1B	1851138	1843169	ENSP00000329357	ENSP00000228872	0.000	0.000	0.000	0.000	0.000	0.000	0.000	0.860	0.860
MDM2	CDKN1B	1861282	1843169	ENSP00000417281	ENSP00000228872	0.000	0.000	0.000	0.000	0.000	0.000	0.000	0.457	0.457
CDKN2A	ABL1	1859838	1855665	ENSP00000394932	ENSP00000361423	0.000	0.000	0.000	0.000	0.000	0.110	0.900	0.903	0.990
CDKN2AIP	CDKN2A	1861696	1859838	ENSP00000427108	ENSP00000394932	0.000	0.000	0.000	0.000	0.000	0.917	0.000	0.832	0.985
MYC	ABL1	1856789	1855665	ENSP00000367207	ENSP00000361423	0.000	0.000	0.000	0.000	0.000	0.000	0.000	0.939	0.939
CDK1	RB1	1858283	1845924	ENSP00000378699	ENSP00000267163	0.000	0.000	0.000	0.000	0.000	0.997	0.900	0.733	0.999
MYCN	CDK2	1846701	1845906	ENSP00000281043	ENSP00000266970	0.000	0.000	0.000	0.000	0.000	0.000	0.000	0.467	0.467
MYCN	TP53	1846701	1846083	ENSP00000281043	ENSP00000269305	0.000	0.000	0.000	0.000	0.000	0.000	0.000	0.725	0.725
ETS2	UBC	1853968	1852861	ENSP00000353344	ENSP00000344818	0.000	0.000	0.000	0.000	0.000	0.908	0.000	0.119	0.915
SP1	TP53	1851138	1846083	ENSP00000329357	ENSP00000269305	0.000	0.000	0.000	0.000	0.000	0.999	0.900	0.910	0.999
E2F3	CCND2	1845241	1844875	ENSP00000262904	ENSP00000261254	0.000	0.000	0.000	0.000	0.000	0.184	0.900	0.712	0.974
CDKN2A	WRN	1859838	1847932	ENSP00000394932	ENSP00000298139	0.000	0.000	0.000	0.000	0.000	0.566	0.000	0.872	0.942
CDK2	PIK3CA	1845906	1845446	ENSP00000266970	ENSP00000263967	0.000	0.000	0.000	0.000	0.065	0.216	0.000	0.443	0.556
TP53	RB1	1846083	1845924	ENSP00000269305	ENSP00000267163	0.000	0.000	0.000	0.000	0.000	0.566	0.900	0.963	0.998
MDM2	RNF2	1861282	1854609	ENSP00000417281	ENSP00000356480	0.000	0.000	0.000	0.000	0.000	0.566	0.000	0.112	0.598
MDM2	UCHL1	1861282	1846906	ENSP00000417281	ENSP00000284440	0.000	0.000	0.000	0.000	0.000	0.570	0.000	0.146	0.617
ABL1	CDK4	1855665	1844551	ENSP00000361423	ENSP00000257904	0.000	0.000	0.000	0.656	0.000	0.107	0.900	0.582	0.924
CDKN2A	CDK1	1859838	1858283	ENSP00000394932	ENSP00000378699	0.000	0.000	0.000	0.000	0.000	0.149	0.000	0.942	0.949
BCL2L1	EGR1	1848421	1843543	ENSP00000302564	ENSP00000239938	0.000	0.000	0.000	0.000	0.000	0.000	0.000	0.500	0.499
MYCN	CDKN2C	1846701	1845196	ENSP00000281043	ENSP00000262662	0.000	0.000	0.000	0.000	0.000	0.000	0.000	0.608	0.608
CDKN2A	SUZ12	1859838	1849881	ENSP00000394932	ENSP00000316578	0.000	0.000	0.000	0.000	0.000	0.341	0.900	0.500	0.964
E2F1	EED	1852951	1845338	ENSP00000345571	ENSP00000263360	0.000	0.000	0.000	0.000	0.000	0.000	0.900	0.000	0.900
CDK1	EZH2	1858283	1850211	ENSP00000378699	ENSP00000320147	0.000	0.000	0.000	0.000	0.099	0.961	0.000	0.898	0.996
HDAC9	RB1	1860731	1845924	ENSP00000408617	ENSP00000267163	0.000	0.000	0.000	0.000	0.000	0.240	0.000	0.458	0.570
CDKN2A	TWIST1	1859838	1843619	ENSP00000394932	ENSP00000242261	0.000	0.000	0.000	0.000	0.000	0.000	0.900	0.441	0.941
EED	E2F3	1845338	1845241	ENSP00000263360	ENSP00000262904	0.000	0.000	0.000	0.000	0.000	0.000	0.900	0.055	0.901
E2F1	SUZ12	1852951	1849881	ENSP00000345571	ENSP00000316578	0.000	0.000	0.000	0.000	0.000	0.000	0.900	0.000	0.900
CDKN2A	BCL2L1	1859838	1848421	ENSP00000394932	ENSP00000302564	0.000	0.000	0.000	0.000	0.000	0.567	0.000	0.911	0.960
CDKN2A	CDK6	1859838	1845799	ENSP00000394932	ENSP00000265734	0.000	0.000	0.000	0.000	0.000	0.999	0.900	0.991	0.999
CDKN2A	E2F2	1859838	1854335	ENSP00000394932	ENSP00000355249	0.000	0.000	0.000	0.000	0.000	0.000	0.900	0.505	0.948
UBC	TP53	1852861	1846083	ENSP00000344818	ENSP00000269305	0.000	0.000	0.000	0.000	0.000	0.999	0.900	0.358	0.999
SP1	CDKN2C	1851138	1845196	ENSP00000329357	ENSP00000262662	0.000	0.000	0.000	0.000	0.000	0.091	0.900	0.168	0.917
MDM2	CDK4	1861282	1844551	ENSP00000417281	ENSP00000257904	0.000	0.000	0.000	0.000	0.000	0.000	0.000	0.757	0.757
HDAC9	TOP1	1860731	1854138	ENSP00000408617	ENSP00000354522	0.000	0.000	0.000	0.000	0.000	0.667	0.000	0.360	0.778
CCND3	CCND1	1855798	1843117	ENSP00000362082	ENSP00000227507	0.000	0.000	0.000	0.952	0.000	0.000	0.900	0.870	0.904
SUZ12	KDM6B	1849881	1844330	ENSP00000316578	ENSP00000254846	0.000	0.000	0.000	0.000	0.000	0.000	0.000	0.631	0.631
CDKN2A	EGR1	1859838	1843543	ENSP00000394932	ENSP00000239938	0.000	0.000	0.000	0.000	0.000	0.588	0.000	0.872	0.945
E2F2	CDK4	1854335	1844551	ENSP00000355249	ENSP00000257904	0.000	0.000	0.000	0.000	0.000	0.244	0.900	0.771	0.981
CDK1	SMAD3	1858283	1851536	ENSP00000378699	ENSP00000332973	0.000	0.000	0.000	0.000	0.000	0.000	0.000	0.493	0.493
EIF2C1	KDM6B	1855852	1844330	ENSP00000362300	ENSP00000254846	0.000	0.000	0.000	0.000	0.070	0.000	0.900	0.083	0.907
CDKN2A	CDKN1A	1859838	1843736	ENSP00000394932	ENSP00000244741	0.000	0.000	0.000	0.000	0.000	0.808	0.900	0.973	0.999
ETS1	ETS2	1858032	1853968	ENSP00000376436	ENSP00000353344	0.000	0.000	0.000	0.944	0.000	0.564	0.900	0.974	0.957
CDK2	CDK4	1845906	1844551	ENSP00000266970	ENSP00000257904	0.000	0.000	0.524	0.922	0.000	0.109	0.900	0.971	0.917
E2F2	CDKN1B	1854335	1843169	ENSP00000355249	ENSP00000228872	0.000	0.000	0.000	0.000	0.000	0.000	0.900	0.393	0.936
E2F1	UBC	1852951	1852861	ENSP00000345571	ENSP00000344818	0.000	0.000	0.000	0.000	0.000	0.999	0.000	0.045	0.999
SMAD4	RB1	1852473	1845924	ENSP00000341551	ENSP00000267163	0.000	0.000	0.000	0.000	0.000	0.000	0.000	0.473	0.473
ETS1	MAPK14	1858032	1843222	ENSP00000376436	ENSP00000229794	0.000	0.000	0.000	0.000	0.000	0.623	0.900	0.686	0.987
BCL2L1	PIK3CA	1848421	1845446	ENSP00000302564	ENSP00000263967	0.000	0.000	0.000	0.000	0.000	0.000	0.900	0.578	0.956
CDK6	CCND1	1845799	1843117	ENSP00000265734	ENSP00000227507	0.000	0.000	0.000	0.000	0.000	0.999	0.900	0.993	0.999
MYC	CDKN2C	1856789	1845196	ENSP00000367207	ENSP00000262662	0.000	0.000	0.000	0.000	0.000	0.000	0.000	0.472	0.472
CDK6	PIK3CA	1845799	1845446	ENSP00000265734	ENSP00000263967	0.000	0.000	0.000	0.000	0.065	0.216	0.000	0.365	0.494
CDK1	KAT5	1858283	1852315	ENSP00000378699	ENSP00000340330	0.000	0.000	0.000	0.000	0.000	0.576	0.000	0.181	0.637
SMAD4	CDK6	1852473	1845799	ENSP00000341551	ENSP00000265734	0.000	0.000	0.000	0.000	0.000	0.000	0.000	0.412	0.412
UBC	WRN	1852861	1847932	ENSP00000344818	ENSP00000298139	0.000	0.000	0.000	0.000	0.000	0.876	0.000	0.045	0.877
BMI1	MAPK14	1856537	1843222	ENSP00000365851	ENSP00000229794	0.000	0.000	0.000	0.000	0.000	0.573	0.900	0.182	0.962
MYC	TWIST1	1856789	1843619	ENSP00000367207	ENSP00000242261	0.000	0.000	0.000	0.000	0.000	0.000	0.000	0.419	0.418
EZH2	CTCF	1850211	1845456	ENSP00000320147	ENSP00000264010	0.000	0.000	0.000	0.000	0.073	0.000	0.000	0.531	0.547
RB1	CDK4	1845924	1844551	ENSP00000267163	ENSP00000257904	0.000	0.000	0.000	0.000	0.000	0.999	0.900	0.978	0.999
MYC	E2F1	1856789	1852951	ENSP00000367207	ENSP00000345571	0.000	0.000	0.000	0.000	0.000	0.000	0.900	0.829	0.982
CDKN2A	NPM1	1859838	1847808	ENSP00000394932	ENSP00000296930	0.000	0.000	0.000	0.000	0.000	0.999	0.000	0.909	0.999
CDK1	MYC	1858283	1856789	ENSP00000378699	ENSP00000367207	0.000	0.000	0.000	0.000	0.000	0.621	0.000	0.652	0.862
CDK1	ABL1	1858283	1855665	ENSP00000378699	ENSP00000361423	0.000	0.000	0.000	0.698	0.000	0.605	0.000	0.906	0.712
CDKN2AIP	UBC	1861696	1852861	ENSP00000427108	ENSP00000344818	0.000	0.000	0.000	0.000	0.000	0.771	0.000	0.000	0.771
SUZ12	EED	1849881	1845338	ENSP00000316578	ENSP00000263360	0.000	0.000	0.000	0.000	0.000	0.999	0.900	0.921	0.999
BMI1	KDM6B	1856537	1844330	ENSP00000365851	ENSP00000254846	0.000	0.000	0.000	0.000	0.000	0.000	0.900	0.500	0.947
CDKN2A	KDM6B	1859838	1844330	ENSP00000394932	ENSP00000254846	0.000	0.000	0.000	0.000	0.000	0.000	0.900	0.362	0.933
RB1	CCND1	1845924	1843117	ENSP00000267163	ENSP00000227507	0.000	0.000	0.000	0.000	0.000	0.999	0.900	0.972	0.999
TP53	CDKN1A	1846083	1843736	ENSP00000269305	ENSP00000244741	0.000	0.000	0.000	0.000	0.000	0.999	0.900	0.981	0.999
CCND3	BCL2L1	1855798	1848421	ENSP00000362082	ENSP00000302564	0.000	0.000	0.000	0.000	0.000	0.000	0.000	0.530	0.530
SMAD3	SP1	1851536	1851138	ENSP00000332973	ENSP00000329357	0.000	0.000	0.000	0.000	0.000	0.992	0.900	0.873	0.999
CDK4	CDKN1B	1844551	1843169	ENSP00000257904	ENSP00000228872	0.000	0.000	0.000	0.000	0.000	0.999	0.900	0.974	0.999
MYC	SMAD3	1856789	1851536	ENSP00000367207	ENSP00000332973	0.000	0.000	0.000	0.000	0.000	0.576	0.900	0.962	0.998
KAT5	RB1	1852315	1845924	ENSP00000340330	ENSP00000267163	0.000	0.000	0.000	0.000	0.000	0.576	0.000	0.223	0.656
EIF2C1	ETS2	1855852	1853968	ENSP00000362300	ENSP00000353344	0.000	0.000	0.000	0.000	0.000	0.000	0.900	0.000	0.900
PIK3CA	MAPK14	1845446	1843222	ENSP00000263967	ENSP00000229794	0.000	0.000	0.000	0.000	0.000	0.188	0.000	0.549	0.618
EED	KDM6B	1845338	1844330	ENSP00000263360	ENSP00000254846	0.000	0.000	0.000	0.000	0.000	0.000	0.000	0.433	0.433
MDM2	CDKN2A	1861282	1859838	ENSP00000417281	ENSP00000394932	0.000	0.000	0.000	0.000	0.000	0.999	0.900	0.962	0.999
BCL2L1	CDK4	1848421	1844551	ENSP00000302564	ENSP00000257904	0.000	0.000	0.000	0.000	0.000	0.000	0.000	0.656	0.656
CDKN2A	TOP1	1859838	1854138	ENSP00000394932	ENSP00000354522	0.000	0.000	0.000	0.000	0.000	0.600	0.000	0.876	0.948
WRN	TP53	1847932	1846083	ENSP00000298139	ENSP00000269305	0.000	0.000	0.000	0.000	0.000	0.963	0.000	0.910	0.996
HDAC9	SP1	1860731	1851138	ENSP00000408617	ENSP00000329357	0.000	0.000	0.000	0.000	0.000	0.105	0.000	0.558	0.588
CDKN2A	ING1	1859838	1856375	ENSP00000394932	ENSP00000364929	0.000	0.000	0.000	0.000	0.000	0.595	0.000	0.877	0.948
CDKN2A	RNF2	1859838	1854609	ENSP00000394932	ENSP00000356480	0.000	0.000	0.000	0.000	0.000	0.576	0.900	0.389	0.971
TOP1	CDK4	1854138	1844551	ENSP00000354522	ENSP00000257904	0.000	0.000	0.000	0.000	0.000	0.000	0.000	0.410	0.410
MAPK14	CDKN1B	1843222	1843169	ENSP00000229794	ENSP00000228872	0.000	0.000	0.000	0.000	0.000	0.000	0.000	0.406	0.406
BMI1	EED	1856537	1845338	ENSP00000365851	ENSP00000263360	0.000	0.000	0.000	0.000	0.000	0.558	0.900	0.730	0.987
MDM2	BCL2L1	1861282	1848421	ENSP00000417281	ENSP00000302564	0.000	0.000	0.000	0.000	0.000	0.107	0.000	0.562	0.592
CDKN2A	E2F3	1859838	1845241	ENSP00000394932	ENSP00000262904	0.000	0.000	0.000	0.000	0.000	0.000	0.900	0.561	0.954
MYC	MAPK14	1856789	1843222	ENSP00000367207	ENSP00000229794	0.000	0.000	0.000	0.000	0.000	0.000	0.900	0.504	0.948
RNF2	EED	1854609	1845338	ENSP00000356480	ENSP00000263360	0.000	0.000	0.000	0.000	0.000	0.533	0.900	0.838	0.991
ABL1	TP53	1855665	1846083	ENSP00000361423	ENSP00000269305	0.000	0.000	0.000	0.000	0.000	0.812	0.000	0.942	0.988
SMAD4	CDK2	1852473	1845906	ENSP00000341551	ENSP00000266970	0.000	0.000	0.000	0.000	0.000	0.000	0.900	0.501	0.947
MYC	E2F3	1856789	1845241	ENSP00000367207	ENSP00000262904	0.000	0.000	0.000	0.000	0.000	0.000	0.900	0.582	0.956
EIF2C1	CDK6	1855852	1845799	ENSP00000362300	ENSP00000265734	0.000	0.000	0.000	0.000	0.000	0.000	0.900	0.174	0.913
E2F3	CCND1	1845241	1843117	ENSP00000262904	ENSP00000227507	0.000	0.000	0.000	0.000	0.000	0.184	0.900	0.777	0.980
RNF2	UBC	1854609	1852861	ENSP00000356480	ENSP00000344818	0.000	0.000	0.000	0.000	0.000	0.997	0.000	0.093	0.997
MYC	CCND1	1856789	1843117	ENSP00000367207	ENSP00000227507	0.000	0.000	0.000	0.000	0.000	0.000	0.800	0.979	0.995
CCND3	E2F3	1855798	1845241	ENSP00000362082	ENSP00000262904	0.000	0.000	0.000	0.000	0.000	0.184	0.900	0.719	0.975
MAPK14	CCND1	1843222	1843117	ENSP00000229794	ENSP00000227507	0.000	0.000	0.000	0.000	0.000	0.000	0.000	0.901	0.901
SMAD3	PIK3CA	1851536	1845446	ENSP00000332973	ENSP00000263967	0.000	0.000	0.000	0.000	0.000	0.567	0.000	0.346	0.705
CDKN2A	UBC	1859838	1852861	ENSP00000394932	ENSP00000344818	0.000	0.000	0.000	0.000	0.000	0.998	0.000	0.241	0.998
SMAD4	CDK4	1852473	1844551	ENSP00000341551	ENSP00000257904	0.000	0.000	0.000	0.000	0.000	0.000	0.900	0.529	0.950
MYC	SUZ12	1856789	1849881	ENSP00000367207	ENSP00000316578	0.000	0.000	0.000	0.000	0.000	0.570	0.000	0.347	0.707
E2F1	SP1	1852951	1851138	ENSP00000345571	ENSP00000329357	0.000	0.000	0.000	0.000	0.000	0.982	0.900	0.254	0.998
ABL1	TOP1	1855665	1854138	ENSP00000361423	ENSP00000354522	0.000	0.000	0.000	0.000	0.000	0.576	0.000	0.340	0.708
HDAC9	EGR1	1860731	1843543	ENSP00000408617	ENSP00000239938	0.000	0.000	0.000	0.000	0.000	0.105	0.000	0.897	0.904
E2F1	CDK2	1852951	1845906	ENSP00000345571	ENSP00000266970	0.000	0.000	0.000	0.000	0.000	0.850	0.900	0.646	0.994
UBC	SMAD3	1852861	1851536	ENSP00000344818	ENSP00000332973	0.000	0.000	0.000	0.000	0.000	0.999	0.900	0.092	0.999
CDK4	CCND1	1844551	1843117	ENSP00000257904	ENSP00000227507	0.000	0.000	0.000	0.000	0.000	0.999	0.900	0.995	0.999
MYC	ETS2	1856789	1853968	ENSP00000367207	ENSP00000353344	0.000	0.000	0.000	0.000	0.000	0.000	0.000	0.906	0.906
CDKN1A	MAPK14	1843736	1843222	ENSP00000244741	ENSP00000229794	0.000	0.000	0.000	0.000	0.000	0.000	0.000	0.817	0.817
EIF2C1	UBC	1855852	1852861	ENSP00000362300	ENSP00000344818	0.000	0.000	0.000	0.000	0.000	0.810	0.000	0.045	0.811
HDAC9	CDK6	1860731	1845799	ENSP00000408617	ENSP00000265734	0.000	0.000	0.000	0.000	0.000	0.103	0.000	0.450	0.486
CDK1	CDK2	1858283	1845906	ENSP00000378699	ENSP00000266970	0.000	0.000	0.526	0.975	0.259	0.309	0.900	0.988	0.946
ETS1	SP1	1858032	1851138	ENSP00000376436	ENSP00000329357	0.000	0.000	0.000	0.000	0.000	0.576	0.900	0.874	0.994
EIF2C1	SP1	1855852	1851138	ENSP00000362300	ENSP00000329357	0.000	0.000	0.000	0.000	0.000	0.000	0.900	0.045	0.900
UBC	CDK6	1852861	1845799	ENSP00000344818	ENSP00000265734	0.000	0.000	0.000	0.000	0.000	0.974	0.000	0.187	0.978
ETS1	EGR1	1858032	1843543	ENSP00000376436	ENSP00000239938	0.000	0.000	0.000	0.000	0.000	0.000	0.000	0.493	0.494
UBC	CCND1	1852861	1843117	ENSP00000344818	ENSP00000227507	0.000	0.000	0.000	0.000	0.000	0.999	0.900	0.168	0.999
EZH2	CDKN1B	1850211	1843169	ENSP00000320147	ENSP00000228872	0.000	0.000	0.000	0.000	0.000	0.000	0.000	0.866	0.866
HDAC9	SUZ12	1860731	1849881	ENSP00000408617	ENSP00000316578	0.000	0.000	0.000	0.000	0.000	0.078	0.000	0.410	0.433
CCND2	CCND1	1844875	1843117	ENSP00000261254	ENSP00000227507	0.000	0.000	0.000	0.960	0.000	0.000	0.900	0.824	0.903
TOP1	CDK2	1854138	1845906	ENSP00000354522	ENSP00000266970	0.000	0.000	0.000	0.000	0.000	0.309	0.000	0.492	0.634
CDK4	MAPK14	1844551	1843222	ENSP00000257904	ENSP00000229794	0.000	0.000	0.427	0.813	0.000	0.299	0.000	0.608	0.423
MYC	TRIP12	1856789	1846877	ENSP00000367207	ENSP00000283943	0.000	0.000	0.000	0.000	0.000	0.564	0.000	0.292	0.678
CDKN2A	SMAD4	1859838	1852473	ENSP00000394932	ENSP00000341551	0.000	0.000	0.000	0.000	0.000	0.000	0.900	0.878	0.987
EIF2C1	CDKN2C	1855852	1845196	ENSP00000362300	ENSP00000262662	0.000	0.000	0.000	0.000	0.000	0.095	0.900	0.103	0.911
E2F1	KAT5	1852951	1852315	ENSP00000345571	ENSP00000340330	0.000	0.000	0.000	0.000	0.000	0.576	0.000	0.133	0.616
RNF2	MAPK14	1854609	1843222	ENSP00000356480	ENSP00000229794	0.000	0.000	0.000	0.000	0.000	0.000	0.900	0.000	0.900
CDK1	PIK3CA	1858283	1845446	ENSP00000378699	ENSP00000263967	0.000	0.000	0.000	0.000	0.065	0.216	0.000	0.320	0.458
CDKN2A	PEX19	1859838	1854721	ENSP00000394932	ENSP00000357051	0.000	0.000	0.000	0.000	0.000	0.573	0.000	0.831	0.924
MDM2	CDK2	1861282	1845906	ENSP00000417281	ENSP00000266970	0.000	0.000	0.000	0.000	0.000	0.000	0.900	0.560	0.954
CDK1	MAPK14	1858283	1843222	ENSP00000378699	ENSP00000229794	0.000	0.000	0.431	0.859	0.000	0.364	0.000	0.596	0.449
MYC	CDK2	1856789	1845906	ENSP00000367207	ENSP00000266970	0.000	0.000	0.000	0.000	0.000	0.167	0.900	0.838	0.985
NPM1	CTCF	1847808	1845456	ENSP00000296930	ENSP00000264010	0.000	0.000	0.000	0.000	0.000	0.570	0.000	0.846	0.931
NPM1	TP53	1847808	1846083	ENSP00000296930	ENSP00000269305	0.000	0.000	0.000	0.000	0.000	0.966	0.000	0.928	0.997
CDKN1B	CCND1	1843169	1843117	ENSP00000228872	ENSP00000227507	0.000	0.000	0.000	0.000	0.000	0.999	0.900	0.974	0.999
KDM6B	EGR1	1844330	1843543	ENSP00000254846	ENSP00000239938	0.000	0.000	0.000	0.000	0.000	0.104	0.000	0.421	0.459
UBC	EED	1852861	1845338	ENSP00000344818	ENSP00000263360	0.000	0.000	0.000	0.000	0.000	0.483	0.000	0.049	0.487
E2F1	RB1	1852951	1845924	ENSP00000345571	ENSP00000267163	0.000	0.000	0.000	0.000	0.000	0.999	0.900	0.835	0.999
EIF2C1	TP53	1855852	1846083	ENSP00000362300	ENSP00000269305	0.000	0.000	0.000	0.000	0.000	0.619	0.900	0.196	0.966
UBC	UCHL1	1852861	1846906	ENSP00000344818	ENSP00000284440	0.000	0.000	0.000	0.000	0.000	0.999	0.000	0.611	0.999
